0      63.0000
0      62.0000
0      68.0000
0      65.0000
0      64.0000
0      65.0000
0      64.0000
0      67.0000
0      67.0000
0      68.8976
0      62.6000
0      69.0000
0      65.0000
0      63.0000
0      64.2000
0      63.0000
0      61.0000
0      61.0000
0      68.1100
0      66.1400
0      67.5000
0      60.0000
0       5.7000
0      67.7200
0      66.0000
0      70.0000
0      66.0000
0      64.5000
0      68.0000
0      67.0000
0      62.5000
0      60.0000
0      68.0000
0      64.0000
0      62.0000
0      67.0000
0       5.0000
0      64.0000
0      68.0000
0      63.0000
0       5.2000
0      68.0000
0      61.0000
0      60.0000
0      63.0000
0      69.0000
0      68.0000
0      60.0000
0      66.0000
0      68.0000
0      70.0000
0       5.5100
0      65.0000
0      67.7000
0      62.0000
0      62.0000
0      70.0000
0      62.0000
0      66.0000
0      64.0000
0       5.7000
0      65.0000
0      67.0000
0      64.0000
0      60.0000
0      64.0000
0      67.0000
1      69.0000
1      71.6500
1      75.0000
1      68.8976
1      74.0000
1      69.0000
1       5.8000
1      70.0000
1      67.3000
1       5.1000
1      67.0000
1       5.1100
1      67.0000
1      69.0000
1      68.0000
1      71.0000
1      76.0000
1      70.8661
1      66.0000
1      71.0000
1      67.0000
1      67.0000
1     172.0000
1      67.0000
1      75.0000
1      65.0000
1      65.0000
1     180.0000
1      75.0000
1      71.0000
1      72.0000
1      68.0000
1     180.0000
1     180.0000
1      73.0000
1      75.4000
1      70.0000
1       5.9000
1      73.0000
1      72.0000
1       5.5000
1      67.0000
1      74.0000
1      70.0000
1      73.0000
1      70.0000
1      67.0000
1      65.0000
1      71.0000
1      65.0000
1      72.8346
1      70.0000
1      70.0000
1      70.0000
1      70.0000
1      69.0000
1      69.0000
1      74.0000
1      71.0000
1      64.0000
1      73.0000
1      70.0000
1      66.0000
1      66.0000
1       5.8000
1      67.0000
1      71.0000
1      78.0000
1      69.0000
1      70.0000
1      70.0000
1     167.0000
1      71.0000
1      68.0000
1     168.0000
1      68.0000
1      73.2000
1       6.0000
1      71.0000
